1	4	てんぢく2000	999600	1.889
15	5	竜と黒炎の姫君	997240	2.451
45	5	蒼の旋律	1005280	0
60	5	夜桜謝肉祭	989100	6.412
68	4	Calculator	1002330	0
73	4	Black Rose Apostle	1001340	0
73	5	Black Rose Apostle	1007400	0
80	5	練習曲Op.10-4	1004880	0
84	5	カルメン組曲一番終曲	1200610	1.826
94	4	弩蚊怒夏	1004000	2.650
95	5	白鳥の湖～still a duckling～	1007370	0
110	4	DEBSTEP!	1003440	0
118	5	さちさちにしてあげる♪	1001620	0
120	4	ドンカマ2000	1002150	0
121	4	Doom Noiz	1000640	0
128	4	D's Adventure Note	1002800	0
131	4	EkiBEN2000	998640	2.5秒
136	4	Evidence of evil	1002120	0.972
148	4	FUJIN Rumble	1000330	0
154	5	Garakuta Doll Play	995450	3.730
156	5	KAGEKIYO 源平討魔伝メドレー	999000	2.880
164	5	Got more raves?	1005440	0
171	4	重金属フューギティブ	992560	5.076
179	4	はたラク2000	998640	1.571
181	4	8OROCHI	1006700	0.847
181	5	8OROCHI	1004500	0.847
186	4	Hurtling Boys	1006330	0
194	4	Ignis Danse	1001960	0.935
202	5	Honey Heartbeat ～10 Stars Mix～	988050	10.40
218	5	FLOWER	995220	3.266
220	4	カラ鞠の花	1002260	1.588
222	5	メタナイトの逆襲メドレー	1000500	3.503
243	4	万戈イム－一ノ十	1000000	2.386
264	5	メカデス。	1199750	3.281
265	4	〆ドレー2000	1003940	1.506
266	5	ドドンガド～ン	998640	2.175
269	4	メタルホーク BGM1	994500	4.437
272	5	ミュージック・リボルバー	1003830	2.083
283	5	初音ミクの消失‐劇場版‐	1002900	0
286	4	月読命	1002190	2.667
288	4	mint tears	1003450	0
309	5	ナイトメア・サバイバー	1007240	0
335	4	Purple Rose Fusion	1000440	3.676
336	4	Infinite Rebellion	1004080	4.427
338	4	きたさいたま2000	1002500	2.928
355	4	またさいたま2000	1004250	1.792
360	4	Angel Halo	1005760	0.915
361	5	Venomous	1003350	1.830
363	4	Kamikaze Remix	1002320	0
365	4	燎原ノ舞	1002840	0.986
371	4	旋風ノ舞【天】	997920	2.594
371	5	旋風ノ舞【天】	1000820	2.594
388	4	そつおめしき	1004220	0
392	4	十露盤2000	992850	7.022
393	4	双竜ノ乱	1008800	0
399	5	ピコピコ ルイン	990000	6.237
400	5	セイクリッド ルイン	990000	6.237
401	4	スーハー2000	1002000	1.607
402	5	Rotter Tarmination	924140	5.7秒
404	4	タベルナ2000	1001620	0
414	5	チルノのパーフェクトさんすう教室	1004730	0
421	4	ネクロファンタジア ～ Arr.Demetori	974400	17.83
425	5	タイコタイム	1003880	0
427	4	God Ray	1000760	1.307
441	4	χ談	1008360	0.315
442	4	VERTeX	991380	5.946
448	5	三瀬川乱舞	1003230	0.847
450	4	濃紅	978500	16.38
451	5	Xa	1003440	0
452	4	X-DAY2000	1002150	1.711
456	4	INSPION	1188750	3.041
463	4	幽玄ノ乱	1009600	1.583
477	4	紫煌ノ乱	1004060	0
493	5	ウルトラマンX	1003950	1.554
495	4	郢曲／暁闇	1002930	1.857
499	4	ノるどん2000	1164690	10.06
503	4	チャーリー ダッシュ！	1002080	2.771
504	5	Abyss of hell	979000	13.72
513	4	朱の旋律	1002720	2秒
518	4	!!!カオスタイム!!!	992400	4.985
519	5	秋竜 ～Shiuryu～	1193680	0.733
520	5	Silent Jealousy	1013760	0
537	5	ギガンティックO. T. N	1203810	0.605
538	4	最終鬼畜妹フランドール・S	992250	6.824
553	5	BLAZING VORTEX	1002640	0
555	4	≠MM	1208930	0
570	4	ゴーストマスク	1001690	3.486
571	4	承認欲Q	991400	5.089
574	4	SstTAarR*	1000640	1.3秒
575	4	ココロボ	1003000	0.153
577	4	超絶技巧系少女	996520	5.075
593	4	冷凍庫CJ ～嗚呼面太鼓ブラザーズ～	1002490	0.854
594	4	Gloria	996360	3.491
595	4	アサガオ	998900	3.795
621	4	オーブの祈り	1009580	0
626	5	美しく忙しきドナウ	996880	5.470
628	4	束ね糸	1007180	0.963
630	4	天照	1000780	0
635	4	須佐之男	1002260	0
641	4	VICTORIA	989700	7.008
673	4	No Gravity	1191170	4.085
677	4	そつおめしき2ばん	1005840	0
681	5	チルノのパーフェクトさんすう教室 9周年バージョン	1002000	1.343
685	4	HARDCOREノ心得	995700	2.566
686	4	R.I.	1206060	2.605
689	5	ゴーゴー・キッチン	1206850	0
690	4	UNDEAD HEART(怒りのWarriors)	1188270	1.167
691	4	まださいたま2000	1198860	0.821
695	4	拝啓ドッペルゲンガー	1000110	1.519
697	4	極圏	999200	3.334
698	4	怒槌	1006960	1.825
699	4	Scarlet Lance	1000200	4.919
700	4	Taiko Drum Monster	997100	5.564
700	5	Taiko Drum Monster	994100	4.248
702	4	懐中庭園を持つ少女	1000300	0.763
714	4	OK I’m blue rat	1204530	1.328
715	4	Blessed Bouquet Buskers	995320	5.665
716	5	彼は誰時の誘惑	1007600	0.509
719	4	SORA-VII シグナスウォール	998410	4.083
720	4	哀 want U	997750	2.184
721	4	ダンガンノーツ	997440	1.476
721	5	ダンガンノーツ	1003820	0.619
722	4	愛と浄罪の森	1007720	0
723	4	秘ナルメジェドノ悲ナル憂鬱	1001360	2.667
724	4	よーいドン！	1003030	1.057
730	5	ヒバナ	1005890	0
734	4	スーパーD＆D ～完全にリードしてアイマイミー～	990000	8.333
735	5	D絶対！SAMURAIインザレイン	1001400	2.636
736	5	人のお金で焼肉を食したい！	998400	4.899
737	4	トイマチック☆パレード!!	997670	3.257
745	4	プチポチ	1001180	1.250
748	4	Behemoth	1200440	2.132
756	4	GERBERA	1002390	1.269
757	4	Xevel	999520	0.756
758	4	ouroboros -twin stroke of the end-	996780	1.943
759	4	Surf Zapping	1000600	1.125
760	4	青天の黎明	1194500	1.749
761	4	EterNal Ring	1005620	1.652
762	4	Toon Town's Toys' Tune	1001190	0.478
763	4	まるくてはやくてすさまじいリズム	1007540	0
764	4	Coquette	1003860	0.25
765	4	第六天魔王	1008420	2.617
774	4	ハンロック	996820	4.334
775	4	パン vs ごはん！ 大決戦！	840320	14.97
775	5	パン vs ごはん！ 大決戦！	840500	14.99
777	4	カラフル	992260	7.525
778	4	λ7708	1004560	0
779	4	Clotho クロートー	1002660	0.459
781	4	ARMAGEΔDON	1008990	0
784	4	頂	1195220	2.995
786	4	天下統一録	994600	4.429
798	4	あの日出会えたキセキ	1190010	3.691
803	4	FREEDOM DiVE↓	995480	5.850
804	5	Altale	992800	5.722
811	5	あなたとトゥラッタッタ♪	987480	7.748
814	4	或ル不和	1006860	0.425
815	4	ラヴ・スパイス・ライクユー!!!	999380	1.175
816	4	星屑ストラック	1191720	4.045
816	5	星屑ストラック	1197670	1.227
818	4	Don't Stop the Game	1191580	1.971
819	5	カラフルボイス	1192900	3.625
820	4	デッド・オア・ダイ	1198410	3.208
826	4	アムピト◇リーテー	1001700	2.386
831	5	ゲゲゲの鬼太郎(氷川きよし)	1003300	0
833	4	Goldfish City	993980	6.6秒
834	4	疾風怒濤	1173440	9.173
834	5	疾風怒濤	1184940	5.735
835	4	What's in the box?	1201930	0
843	4	もぺもぺ	1198170	0.725
845	5	Dreadnought	1193550	2.474
846	4	キューティー☆デモニック☆魔人エモ!!	1186520	4.000
849	4	poxei◆DOON	1211290	0.298
850	4	コネクトカラーズ	1202130	0.732
851	4	気焔万丈神楽	1204790	0
856	4	Calamity Fortune	1005060	1.325
856	5	Calamity Fortune	1207110	1.05秒
858	4	UFO Swingin'	1198570	2.449
859	4	天泣の律	1202120	0.25秒
860	4	にゃーにゃーにゃー	1203980	0.834
866	5	氷竜 ～Kooryu～	1182970	5.070
867	4	うちゅうひこうし冒険譚	1201630	0
868	4	モノクロボイス	1158160	10
868	5	モノクロボイス	1200670	0
869	4	森羅万象	1184020	5.948
878	4	Caribbean Knight	999440	2.776
879	4	タイコロール	1145190	11.72
890	4	わら得る2000	1148190	7.040
892	4	幕末維新譚	1008420	4.019
896	4	続・〆ドレー2000	996400	2.108
900	5	双竜ノ乱	1350720	0
905	4	memoria ficta	1198660	1.48秒
906	4	ペットショップ大戦	1198020	1.017
920	5	ゴッドソング	1006000	0.308
927	4	Dogbite	1001540	1.384
928	4	Parousia	1004800	0
929	4	waitin' for u	1001740	1.083
934	4	ANiMA	999210	1.09秒
935	4	MagiCatz	1000100	2.172
938	5	零の交響曲	988680	11.56
940	4	wonderful ROUTINE	1005600	0.344
943	4	クラポルポルスカ	996110	3.867
952	4	テトラリュトモスフォビア	1197570	2.367
954	4	Central Dogma Pt.1	1196780	2.060
954	5	Central Dogma Pt.1	1191620	3.732
955	4	絡繰廻廊	1192340	4.661
958	4	儚姫は原初に舞う	1002960	1.696
958	5	儚姫は原初に舞う	1002940	1.808
959	5	螺旋周回軌道	1207560	0
960	4	Vixtory	993800	7.510
960	5	Vixtory	1003220	5.926
961	4	Stick Trick ShowTime!!	1005300	0.318
971	4	星河一天	1193390	3.505
972	5	ラパスの虹	1003390	0.929
977	4	Diving Drive	1005200	0
980	4	VIVIVIVID	1004020	0.140
982	4	ひよこ鑑定士さん	1001440	1.371
983	4	YOAKE	999420	1.708
990	4	赤と白薔薇の魔女	1211370	0
992	4	LECIEL GLISSANDO	1189140	3.72秒
993	4	彁	1004800	0
993	5	彁	1005800	0
999	4	Central Dogma Pt.2	1179320	5.348
1012	4	4+1のそれぞれの未来	1004300	0.432
1020	5	乱数調整のリバースシンデレラ	997740	6.353
1022	5	ウィーアー！(初代)	1194450	2.56秒
1027	5	夏祭り ／ ジッタリン・ジン	1189540	3.333
1035	5	マツヨイナイトバグ	1002180	2.079
1037	4	BATTLE NO.1	1004700	1秒
1039	4	鼓舞曲「閻魔」	1180900	4.432
1040	4	魑魅魍魎	999060	6.021
1041	4	†バチ!ムチ!?マッスルキングダム†	1004340	1.501
1042	4	刻竜 ～Kokuryu～	1009080	0
1043	4	憎悪と醜悪の花束	995200	3.996
1043	5	憎悪と醜悪の花束	1003410	1.907
1048	4	アンリミテッドゲームズ	999270	3.774
1049	4	晨星ト鵺	997700	4.455
1050	4	Hello, Mr.JOKER	993600	4.048
1066	4	たいこの2000	1001910	0
1067	4	Agent Hustle ＆ Dr. Hassle	1202740	0.729
1068	4	Spectral Rider	1172960	10.31
1071	4	ex寅 Trap!!	1000110	1.767
1072	4	The Future of the 太鼓ドラム	989820	9.316
1072	5	The Future of the 太鼓ドラム	995020	4.072
1080	5	業 -善なる神とこの世の悪について-	985200	11.20
1081	5	めためた☆ゆにば～すっ！	1195970	2.583
1085	4	弧	1002540	0
1086	4	Player's High	995970	6.098
1097	5	ON SAY GO SAY	1006020	0
1099	4	Challengers	1189110	4.36
1100	5	Kill My Fortune	1007370	0
1104	4	Aragami	1000610	1.480
1106	4	Libera Ray	990900	7.974
1108	4	其方、激昂	1002400	1.342
1120	5	そして勇者は眠りにつく	1202380	1.021
1121	4	SUPERNOVA	1005690	1.533
1121	5	SUPERNOVA	1200180	0.094
1122	5	狂瀾怒濤	1193460	8.266
1129	4	神竜 ～Shinryu～	1003090	1.255
1129	5	神竜 ～Shinryu～	1010100	1.255
1133	5	Doppelgangers	1005920	0.986
1134	4	Aleph-0	991510	5.92
1144	5	六本の薔薇と采の歌	1202720	1.665
1145	5	LΔchesis	1003520	2.048
1146	5	ヘイラ	1006380	0.795
1147	4	Illusion Flare	989840	8.944
1154	4	六華の舞	1001780	1.303
1158	4	詩謳兎揺蕩兎	993200	4.167
1168	5	オーバード	1193410	1.269
1171	5	共奏鼓祭	991800	6.205
1172	4	Destination 2F29	1004950	2.154
1173	4	アキバ20XX	1189820	3.952
1185	4	鼓立あおはる学園校歌	982170	11.48
1196	5	ラ・モレーナ・クモナイ	996510	3.153
1197	5	Re：End of a Dream	999000	1.014
1201	5	ドドドドドンだフル!	1194410	2.026
1214	5	GORI × GORI × SafaRI	1003200	1.857
1215	5	Nosferatu	1003520	2.013
1216	4	CUT! into the FUTURE	990600	6.228
1216	5	CUT! into the FUTURE	1005400	4.047
1220	5	Destr0yer	991420	0
1221	5	【双打】 Garakuta Doll Play	995450	3.730
1223	5	【双打】 KAGEKIYO	999000	2.880
1227	4	23時54分、陽の旅路へのプレリュード	991700	0
1227	5	23時54分、陽の旅路へのプレリュード	1006900	1.433
1229	4	Chronomia	1007760	0
1236	4	!!!チルノのパーフェクトさんすうタイム!!!	1001200	1.518
