	Song_Number is	1
1009600
1009100
1009000
1008900
1008900
1008800
1008700
1008700
1008700
1008600	Song_Number is	15
1009940
1009840
1009640
1009440
1009240
1009140
1009040
1008940
1008940
1008940	Song_Number is	45
1005280
1005280
1005280
1005280
1005280
1005280
1005280
1005280
1005280
1005280	Song_Number is	60
1021800
1020800
1020540
1020300
1020000
1020000
1020000
1019900
1019900
1019900	Song_Number is	68
1002330
1002330
1002330
1002330
1002330
1002330
1002330
1002330
1002330
1002330	Song_Number is	73
1001340
1001340
1001340
1001340
1001340
1001340
1001340
1001340
1001340
1001340	Song_Number is	73
1007400
1007400
1007400
1007400
1007400
1007400
1007400
1007400
1007400
1007400	Song_Number is	80
1004880
1004880
1004880
1004880
1004880
1004880
1004880
1004880
1004880
1004880	Song_Number is	80
1004880
1004880
1004880
1004880
1004880
1004880
1004880
1004880
1004880
1004880	Song_Number is	84
0
0
0
0
0
0
0
0
0
0	Song_Number is	94
1017600
1017300
1017300
1017300
1017100
1017100
1017100
1016900
1016900
1016900	Song_Number is	94
1017600
1017300
1017300
1017300
1017100
1017100
1017100
1016900
1016900
1016900	Song_Number is	95
1007370
1007370
1007370
1007370
1007370
1007370
1007370
1007370
1007370
1007370	Song_Number is	95
1007370
1007370
1007370
1007370
1007370
1007370
1007370
1007370
1007370
1007370	Song_Number is	110
1003440
1003440
1003440
1003440
1003440
1003440
1003440
1003440
1003440
1003440	Song_Number is	118
1001620
1001620
1001620
1001620
1001620
1001620
1001620
1001620
1001620
1001620	Song_Number is	120
1002150
1002150
1002150
1002150
1002150
1002150
1002150
1002150
1002150
1002150	Song_Number is	121
1000640
1000640
1000640
1000640
1000640
1000640
1000640
1000640
1000640
1000640	Song_Number is	128
1002800
1002800
1002800
1002800
1002800
1002800
1002800
1002800
1002800
1002800	Song_Number is	131
1011540
1011340
1011240
1011040
1011040
1011040
1010840
1010740
1010740
1010640	Song_Number is	136
1007420
1007320
1007220
1007120
1007120
1007120
1007020
1007020
1007020
1007020	Song_Number is	148
1000330
1000330
1000330
1000330
1000330
1000330
1000330
1000330
1000330
1000330	Song_Number is	154
1016150
1014350
1013750
1013550
1013450
1013450
1013350
1013350
1013350
1013250	Song_Number is	156
1013700
1013600
1013400
1013100
1013100
1012900
1012900
1012900
1012900
1012800	Song_Number is	164
1005440
1005440
1005440
1005440
1005440
1005440
1005440
1005440
1005440
1005440	Song_Number is	171
1019360
1018160
1018060
1018060
1017960
1017860
1017760
1017760
1017660
1017560	Song_Number is	171
1019360
1018160
1018060
1018060
1017960
1017860
1017760
1017760
1017660
1017560	Song_Number is	179
1005540
1005440
1005440
1005340
1005340
1005340
1005340
1005340
1005340
1005340	Song_Number is	181
1011200
1011100
1010900
1010800
1010800
1010800
1010800
1010800
1010800
1010800	Song_Number is	181
1008900
1008700
1008700
1008600
1008600
1008600
1008600
1008500
1008500
1008500	Song_Number is	186
1006330
1006330
1006330
1006330
1006330
1006330
1006330
1006330
1006330
1006330	Song_Number is	194
1006960
1006860
1006860
1006860
1006760
1006760
1006760
1006760
1006660
1006660	Song_Number is	202
1042250
1041250
1040950
1040550
1040450
1040250
1040250
1040150
1039750
1039550	Song_Number is	202
1042250
1041250
1040950
1040550
1040450
1040250
1040250
1040150
1039750
1039550	Song_Number is	218
1012220
1012020
1011820
1011820
1011720
1011620
1011520
1011420
1011420
1011320	Song_Number is	220
1010760
1010660
1010660
1010560
1010560
1010560
1010560
1010460
1010460
1010460	Song_Number is	220
1010760
1010660
1010660
1010560
1010560
1010560
1010560
1010460
1010460
1010460	Song_Number is	222
1019000
1018700
1018500
1018300
1018100
1018100
1018000
1017900
1017900
1017800	Song_Number is	222
1019000
1018700
1018500
1018300
1018100
1018100
1018000
1017900
1017900
1017800	Song_Number is	243
1012400
1012400
1012100
1012000
1012000
1012000
1011900
1011800
1011800
1011800	Song_Number is	264
1017600
1016700
1016300
1016300
1016300
1016100
1015900
1015900
1015800
1015800	Song_Number is	265
1011840
1011740
1011740
1011640
1011640
1011640
1011640
1011580
1011540
1011540	Song_Number is	266
1010140
1010140
1009640
1009640
1009540
1009440
1009440
1009440
1009440
1009340	Song_Number is	269
1017000
1017000
1016700
1016600
1016500
1016500
1016300
1016200
1016200
1016200	Song_Number is	272
1014830
1014530
1014430
1014330
1014230
1014230
1014230
1014230
1014230
1014230	Song_Number is	283
1002900
1002900
1002900
1002900
1002900
1002900
1002900
1002900
1002900
1002900	Song_Number is	286
1015990
1015990
1015990
1015790
1015590
1015590
1015490
1015390
1015390
1015390	Song_Number is	288
1003450
1003450
1003450
1003450
1003450
1003450
1003450
1003450
1003450
1003450	Song_Number is	309
1007240
1007240
1007240
1007240
1007240
1007240
1007240
1007240
1007240
1007240	Song_Number is	335
1019940
1019940
1019840
1019640
1019440
1019340
1019240
1019140
1019140
1019140	Song_Number is	336
1027380
1027280
1026980
1026880
1026880
1026780
1026780
1026780
1026680
1026580	Song_Number is	338
1018100
1017800
1017500
1017500
1017400
1017400
1017300
1017300
1017300
1017300	Song_Number is	355
1013850
1013550
1013550
1013450
1013450
1013450
1013450
1013350
1013350
1013250	Song_Number is	360
1010460
1010360
1010360
1010360
1010360
1010260
1010260
1010260
1010260
1010260	Song_Number is	361
1013050
1012950
1012850
1012750
1012650
1012450
1012450
1012450
1012450
1012350	Song_Number is	363
1002320
1002320
1002320
1002320
1002320
1002320
1002320
1002320
1002320
1002320	Song_Number is	365
1008140
1008140
1008040
1007940
1007940
1007840
1007840
1007840
1007840
1007840	Song_Number is	371
1011720
1011220
1011220
1011220
1011220
1011120
1011020
1011020
1011020
1011020	Song_Number is	371
1014930
1014730
1014730
1014630
1014530
1014530
1014530
1014430
1014430
1014330	Song_Number is	388
1004220
1004220
1004220
1004220
1004220
1004220
1004220
1004220
1004220
1004220	Song_Number is	392
1029350
1028760
1028750
1028750
1028600
1028450
1027650
1027400
1027350
1027250	Song_Number is	393
1008800
1008800
1008800
1008800
1008800
1008800
1008800
1008800
1008800
1008800	Song_Number is	399
1021600
1021200
1021200
1021200
1021100
1020800
1020700
1020000
1020000
1019900	Song_Number is	400
1021800
1021400
1021000
1020900
1020800
1020200
1020100
1020100
1020100
1020000	Song_Number is	401
1011300
1011100
1010900
1010300
1010300
1010200
1010200
1010100
1010000
1010000	Song_Number is	402
1028680
1028150
1028080
1028020
1027780
1027680
1027580
1027580
1027580
1027480	Song_Number is	404
1001620
1001620
1001620
1001620
1001620
1001620
1001620
1001620
1001620
1001620	Song_Number is	414
1004730
1004730
1004730
1004730
1004730
1004730
1004730
1004730
1004730
1004730	Song_Number is	421
1075340
1067200
1064300
1064180
1063500
1063180
1062900
1062800
1062760
1062700	Song_Number is	425
1003880
1003880
1003880
1003880
1003880
1003880
1003880
1003880
1003880
1003880	Song_Number is	427
1007760
1007660
1007660
1007560
1007460
1007460
1007460
1007460
1007360
1007360	Song_Number is	441
1010060
1010060
1010060
1009960
1009960
1009960
1009960
1009960
1009960
1009960	Song_Number is	442
1022980
1021580
1021380
1021080
1020680
1020480
1020380
1020380
1020380
1020180	Song_Number is	448
1007730
1007430
1007430
1007430
1007430
1007330
1007330
1007330
1007230
1007230	Song_Number is	450
1063800
1060000
1059580
1058800
1058800
1058650
1058100
1057600
1057500
1057400	Song_Number is	451
1003440
1003440
1003440
1003440
1003440
1003440
1003440
1003440
1003440
1003440	Song_Number is	452
1011150
1011050
1010850
1010850
1010850
1010850
1010750
1010750
1010750
1010750	Song_Number is	456
1017300
1016900
1016700
1016700
1016500
1016400
1016400
1016400
1016300
1016300	Song_Number is	463
1018200
1018200
1018000
1017900
1017900
1017800
1017800
1017800
1017700
1017700	Song_Number is	477
1004060
1004060
1004060
1004060
1004060
1004060
1004060
1004060
1004060
1004060	Song_Number is	493
1012050
1011950
1011850
1011750
1011750
1011650
1011650
1011650
1011550
1011550	Song_Number is	495
1012630
1012430
1012430
1012330
1012330
1012230
1012230
1012230
1012130
1012130	Song_Number is	495
1012630
1012430
1012430
1012330
1012330
1012230
1012230
1012230
1012130
1012130	Song_Number is	499
1033640
1032600
1031800
1031670
1031600
1031500
1031400
1031300
1031300
1031200	Song_Number is	503
1016280
1016180
1015980
1015880
1015880
1015780
1015780
1015780
1015680
1015680	Song_Number is	503
1016280
1016180
1015980
1015880
1015880
1015780
1015780
1015780
1015680
1015680	Song_Number is	504
1048450
1047100
1047000
1046000
1045600
1045450
1045400
1045400
1045100
1045100	Song_Number is	513
1013020
1012920
1012720
1012720
1012720
1012720
1012620
1012520
1012520
1012520	Song_Number is	518
1018900
1017600
1017500
1017400
1017300
1017200
1017100
1016900
1016900
1016900	Song_Number is	519
1007100
1007000
1007000
1007000
1007000
1007000
1007000
1006900
1006900
1006900	Song_Number is	520
1013760
1013760
1013760
1013760
1013760
1013760
1013760
1013760
1013760
1013760	Song_Number is	537
1010490
1010490
1010390
1010390
1010390
1010290
1010290
1010190
1010190
1010190	Song_Number is	538
1027220
1026950
1026750
1026650
1026550
1026350
1025850
1025850
1025450
1025350	Song_Number is	553
1002640
1002640
1002640
1002640
1002640
1002640
1002640
７1002640
1002640
1002640	Song_Number is	555
1009700
1009700
1009700
1009700
1009700
1009700
1009700
1009700
1009700
1009700	Song_Number is	570
1019990
1019390
1019390
1019290
1019190
1019190
1019090
1019030
1018990
1018990	Song_Number is	570
1019990
1019390
1019390
1019290
1019190
1019190
1019090
1019030
1018990
1018990	Song_Number is	571
1017950
1017200
1017200
1016900
1016900
1016800
1016600
1016500
1016500
1016450	Song_Number is	574
1007340
1007340
1007340
1007240
1007240
1007240
1007240
1007240
1007240
1007240	Song_Number is	574
1007340
1007340
1007340
1007240
1007240
1007240
1007240
1007240
1007240
1007240	Song_Number is	575
1004000
1003900
1003900
1003900
1003900
1003900
1003800
1003800
1003800
1003800	Song_Number is	577
1023020
1022620
1022520
1022220
1021920
1021820
1021820
1021600
1021520
1021520	Song_Number is	593
1006990
1006990
1006890
1006890
1006890
1006890
1006890
1006890
1006890
1006790	Song_Number is	594
1014260
1014260
1014160
1014060
1013860
1013760
1013760
1013660
1013660
1013560	Song_Number is	595
1018300
1017900
1017600
1017400
1017300
1017100
1017100
1017000
1016900
1016900	Song_Number is	621
1009580
1009580
1009580
1009580
1009580
1009580
1009580
1009580
1009580
1009580	Song_Number is	626
1025180
1024580
1024080
1024080
1023980
1023880
1023800
1023680
1023680
1023580	Song_Number is	626
1025180
1024580
1024080
1024080
1023980
1023880
1023800
1023680
1023680
1023580	Song_Number is	628
1012180
1011980
1011980
1011880
1011880
1011780
1011780
1011780
1011780
1011780	Song_Number is	630
1000780
1000780
1000780
1000780
1000780
1000780
1000780
1000780
1000780
1000780	Song_Number is	635
1002260
1002260
1002260
1002260
1002260
1002260
1002260
1002260
1002260
1002260	Song_Number is	641
1025600
1025400
1025300
1025200
1025100
1024800
1024800
1024500
1024420
1024400	Song_Number is	673
1019020
1018620
1018120
1018020
1017820
1017720
1017720
1017620
1017620
1017620	Song_Number is	677
1005840
1005840
1005840
1005840
1005840
1005840
1005840
1005840
1005840
1005840	Song_Number is	681
1008700
1008700
1008700
1008600
1008600
1008600
1008500
1008500
1008500
1008400	Song_Number is	685
1009300
1009200
1008800
1008400
1008300
1008300
1008300
1008300
1008300
1008300	Song_Number is	686
1013800
1013700
1013500
1013160
1013100
1013000
1012900
1012800
1012800
1012800	Song_Number is	689
1007200
1007200
1007200
1007200
1007200
1007200
1007200
1007200
1007200
1007200	Song_Number is	690
0
0
0
0
0
0
0
0
0
0	Song_Number is	691
0
0
0
0
0
0
0
0
0
0	Song_Number is	695
1008110
1008010
1008010
1008010
1008010
1008010
1007810
1007810
1007810
1007710	Song_Number is	697
1016500
1016400
1016200
1016100
1016000
1016000
1015900
1015800
1015700
1015700	Song_Number is	698
1017360
1017160
1016740
1016460
1016160
1016060
1015960
1015960
1015960
1015860	Song_Number is	699
1025800
1025500
1025200
1024800
1024800
1024700
1024700
1024600
1024400
1024300	Song_Number is	700
1026200
1025700
1025300
1025000
1025000
1024900
1024810
1024800
1024800
1024600	Song_Number is	700
1015900
1015400
1015200
1015000
1014800
1014800
1014800
1014720
1014600
1014500	Song_Number is	702
1004600
1004500
1004500
1004400
1004400
1004400
1004400
1004400
1004300
1004300	Song_Number is	714
1011580
1011480
1011480
1011380
1011280
1011280
1011280
1011180
1011180
1011180	Song_Number is	715
1023920
1023420
1023220
1023020
1022720
1022620
1022520
1022320
1022220
1022120	Song_Number is	716
1010600
1010300
1010300
1010300
1010300
1010300
1010200
1010200
1010200
1010200	Song_Number is	719
1019610
1019610
1019310
1019210
1019110
1019010
1019010
1018910
1018710
1018610	Song_Number is	720
1009050
1009050
1008750
1008750
1008650
1008650
1008650
1008650
1008550
1008450	Song_Number is	721
1005040
1005000
1004740
1004440
1004440
1004240
1004240
1004240
1004240
1004140	Song_Number is	721
1007220
1007020
1006920
1006920
1006920
1006920
1006920
1006820
1006820
1006820	Song_Number is	722
1007720
1007720
1007720
1007720
1007720
1007720
1007720
1007720
1007720
1007720	Song_Number is	723
1015360
1014760
1014260
1014160
1013650
1013560
1013560
1013550
1013550
1013460	Song_Number is	724
1008530
1008530
1008530
1008430
1008430
1008330
1008330
1008330
1008330
1008330	Song_Number is	730
1005890
1005890
1005890
1005890
1005890
1005890
1005890
1005890
1005890
1005890	Song_Number is	734
1032600
1031800
1031800
1031600
1031300
1031100
1030610
1030400
1030400
1030400	Song_Number is	735
1015200
1014700
1014700
1014600
1014300
1014200
1014200
1014100
1013900
1013900	Song_Number is	736
1023600
1023100
1023100
1023000
1022900
1022800
1022500
1022500
1022400
1022400	Song_Number is	737
1014570
1013970
1013870
1013870
1013870
1013870
1013870
1013770
1013770
1013770	Song_Number is	745
1007880
1007680
1007680
1007680
1007680
1007680
1007580
1007580
1007580
1007580	Song_Number is	745
1007880
1007680
1007680
1007680
1007680
1007680
1007580
1007580
1007580
1007580	Song_Number is	748
1011800
1011200
1011100
1011100
1011000
1010900
1010900
1010800
1010800
1010800	Song_Number is	756
1009090
1008890
1008790
1008790
1008690
1008590
1008590
1008590
1008590
1008490	Song_Number is	757
1003520
1003520
1003320
1003320
1003320
1003320
1003320
1003220
1003220
1003220	Song_Number is	758
1006880
1006880
1006780
1006580
1006580
1006480
1006480
1006380
1006380
1006280	Song_Number is	759
1006500
1006500
1006500
1006400
1006300
1006300
1006300
1006300
1006300
1006300	Song_Number is	760
1006400
1006200
1006100
1006000
1005900
1005900
1005900
1005800
1005700
1005700	Song_Number is	761
1014320
1014120
1014120
1013920
1013920
1013820
1013820
1013820
1013720
1013720	Song_Number is	762
1003790
1003790
1003690
1003690
1003690
1003690
1003690
1003590
1003590
1003590	Song_Number is	763
1007540
1007540
1007540
1007540
1007540
1007540
1007540
1007540
1007540
1007540	Song_Number is	764
1005460
1005260
1005260
1005260
1005260
1005260
1005260
1005260
1005260
1005260	Song_Number is	765
1022120
1021920
1021720
1021720
1021720
1021620
1021620
1021620
1021520
1021320	Song_Number is	774
1019420
1019220
1018820
1018520
1018210
1018110
1018020
1018020
1018020
1018020	Song_Number is	774
1019420
1019220
1018820
1018520
1018210
1018110
1018020
1018020
1018020
1018020	Song_Number is	775
1015640
1015140
1015040
1014940
1014840
1014440
1014440
1014340
1014240
1014240	Song_Number is	775
1002240
1002140
1002140
1002140
1002140
1002140
1002140
1002140
1002140
1002140	Song_Number is	777
1030560
1030260
1029960
1029360
1028960
1028790
1028460
1028460
1028160
1027760	Song_Number is	778
1004560
1004560
1004560
1004560
1004560
1004560
1004560
1004560
1004560
1004560	Song_Number is	779
1005060
1004960
1004960
1004960
1004960
1004960
1004960
1004960
1004960
1004960	Song_Number is	781
1008990
1008990
1008990
1008990
1008990
1008990
1008990
1008990
1008990
1008990	Song_Number is	784
1010730
1010430
1010360
1010130
1010130
1010030
1010030
1009930
1009930
1009930	Song_Number is	786
1016900
1016700
1016500
1016200
1016000
1015900
1015700
1015700
1015700
1015600	Song_Number is	798
1015900
1015400
1015400
1015300
1015200
1015200
1015100
1015050
1015000
1014900	Song_Number is	803
1025480
1024980
1024780
1024680
1024480
1024280
1024280
1024180
1023980
1023980	Song_Number is	804
1022500
1022080
1021800
1021400
1021200
1020900
1020800
1020700
1020600
1020590	Song_Number is	811
1027180
1027080
1026180
1026080
1026080
1026080
1025580
1025580
1025180
1025180	Song_Number is	814
1009060
1009060
1009060
1009060
1009060
1009060
1009060
1009060
1009060
1009060	Song_Number is	815
1005580
1005580
1005580
1005580
1005580
1005480
1005480
1005480
1005480
1005480	Song_Number is	816
1017000
1016500
1016400
1016400
1016300
1015900
1015900
1015800
1015700
1015400	Song_Number is	816
1009440
1009440
1009240
1008840
1008840
1008740
1008740
1008740
1008640
1008640	Song_Number is	818
1010980
1010780
1010680
1010680
1010680
1010580
1010580
1010580
1010580
1010580	Song_Number is	819
1018790
1018490
1018390
1018190
1018090
1017990
1017990
1017990
1017640
1017590	Song_Number is	819
1018790
1018490
1018390
1018190
1018090
1017990
1017990
1017990
1017640
1017590	Song_Number is	820
1016360
1016160
1016060
1015960
1015900
1015900
1015760
1015760
1015660
1015660	Song_Number is	826
1014200
1013700
1013700
1013700
1013600
1013600
1013600
1013400
1013400
1013400	Song_Number is	831
1003300
1003300
1003300
1003300
1003300
1003300
1003300
1003300
1003300
1003300	Song_Number is	833
1028280
1027080
1026880
1026580
1026510
1026480
1026380
1026180
1026180
1026080	Song_Number is	834
1033300
1033240
1031600
1031540
1031470
1031040
1030640
1030440
1030400
1030300	Song_Number is	834
1027960
1027460
1027360
1027360
1027260
1026560
1026560
1026560
1026460
1026460	Song_Number is	835
1003000
1003000
1003000
1003000
1003000
1003000
1003000
1003000
1003000
1003000	Song_Number is	843
1006190
1006190
1006090
1006090
1005990
1005890
1005790
1005790
1005790
1005790	Song_Number is	845
1013150
1013150
1013050
1012880
1012850
1012850
1012850
1012750
1012750
1012750	Song_Number is	846
1020050
1019650
1019650
1019450
1019250
1019250
1019250
1019250
1019150
1019150	Song_Number is	849
1003600
1003500
1003400
1003400
1003400
1003300
1003300
1003300
1003300
1003300	Song_Number is	850
1007400
1007200
1007200
1007200
1007200
1007100
1007100
1007100
1007000
1007000	Song_Number is	851
1004080
1004080
1004080
1004080
1004080
1004080
1004080
1004080
1004080
1004080	Song_Number is	856
1012360
1011860
1011460
1011360
1011160
1011160
1011160
1011160
1011160
1011060	Song_Number is	856
1003740
1003240
1003140
1003040
1003030
1002940
1002940
1002940
1002840
1002840	Song_Number is	858
1010060
1008060
1007660
1007460
1007260
1007260
1007260
1007160
1007160
1007160	Song_Number is	859
1003220
1003220
1003120
1003020
1003020
1003020
1003020
1003020
1003020
1002920	Song_Number is	860
1009930
1009830
1009730
1009730
1009730
1009630
1009630
1009630
1009630
1009630	Song_Number is	866
1022860
1022560
1021860
1021860
1021760
1021760
1021760
1021660
1021560
1021560	Song_Number is	867
1005020
1005020
1005020
1005020
1005020
1005020
1005020
1005020
1005020
1005020	Song_Number is	868
1041930
1041630
1040630
1040230
1040130
1040130
1040030
1039930
1039930
1039630	Song_Number is	868
1004850
1004850
1004850
1004850
1004850
1004850
1004850
1004850
1004850
1004850	Song_Number is	869
1029640
1029240
1029230
1028540
1028540
1028540
1028240
1028230
1028140
1028130	Song_Number is	878
1014240
1013440
1013240
1013240
1013240
1013140
1013040
1013040
1012840
1012740	Song_Number is	879
1042560
1042360
1041960
1041760
1041760
1041760
1041360
1041300
1041260
1041260	Song_Number is	890
1031180
1031080
1030680
1030280
1030270
1029980
1029780
1029780
1029780
1029680	Song_Number is	892
1019610
1019310
1019210
1019060
1019010
1018910
1018910
1018810
1018810
1018710	Song_Number is	896
1006500
1006500
1006200
1006200
1006100
1006100
1006000
1006000
1006000
1005940	Song_Number is	900
1350720
1350720
1350720
1350720
1350720
1350720
1350720
1346240
1345120
1344000	Song_Number is	905
1012180
1012080
1012080
1011980
1011880
1011880
1011780
1011680
1011680
1011580	Song_Number is	906
1007840
1007840
1007740
1007740
1007740
1007640
1007640
1007640
1007640
1007640	Song_Number is	920
1008000
1007800
1007800
1007800
1007800
1007800
1007800
1007700
1007700
1007700	Song_Number is	927
1006740
1005640
1005540
1005440
1005340
1005340
1005340
1005330
1005240
1005240	Song_Number is	928
1003290
1003290
1003290
1003290
1003290
1003290
1003290
1003290
1003290
1003290	Song_Number is	929
1005520
1005220
1005220
1005220
1005120
1005120
1005120
1005120
1005120
1005120	Song_Number is	934
1004910
1004810
1004710
1004610
1004610
1004610
1004610
1004510
1004510
1004510	Song_Number is	935
1013800
1013600
1013400
1013400
1013300
1013300
1013300
1013300
1013200
1013200	Song_Number is	938
1039600
1038900
1038700
1038300
1037850
1037850
1037850
1037100
1036950
1036900	Song_Number is	940
1004530
1004530
1004530
1004530
1004530
1004430
1004430
1004430
1004430
1004430	Song_Number is	943
1015910
1015810
1015810
1015610
1015610
1015410
1015310
1015310
1015210
1015210	Song_Number is	943
1015910
1015810
1015810
1015610
1015610
1015410
1015310
1015310
1015210
1015210	Song_Number is	952
0
0
0
0
0
0
0
0
0
0	Song_Number is	954
0
0
0
0
0
0
0
0
0
0	Song_Number is	954
0
0
0
0
0
0
0
0
0
0	Song_Number is	955
0
0
0
0
0
0
0
0
0
0	Song_Number is	958
1007600
1007400
1007300
1007300
1007300
1007300
1007200
1007200
1007200
1007100	Song_Number is	958
1015100
1015100
1015000
1015000
1015000
1014900
1014900
1014900
1014800
1014800	Song_Number is	959
1008460
1008460
1008460
1008460
1008460
1008460
1008460
1008460
1008460
1008460	Song_Number is	960
1026160
1024660
1024560
1024420
1024320
1024260
1023960
1023920
1023460
1023220	Song_Number is	960
1025800
1025700
1025500
1025400
1025200
1025000
1024800
1024800
1024800
1024700	Song_Number is	961
1005820
1005820
1005820
1005820
1005720
1005720
1005720
1005720
1005720
1005720	Song_Number is	971
1018880
1018880
1018680
1018580
1018580
1018380
1018280
1018180
1018180
1018080	Song_Number is	972
1010500
1010500
1010500
1010400
1010400
1010400
1010400
1010300
1010300
1010300	Song_Number is	977
1001340
1001340
1001340
1001340
1001340
1001340
1001340
1001340
1001340
1001340	Song_Number is	980
1003500
1003500
1003500
1003500
1003400
1003400
1003400
1003400
1003400
1003400	Song_Number is	982
1008540
1008540
1008440
1008440
1008440
1008440
1008340
1008340
1008340
1008340	Song_Number is	983
1012800
1012600
1012500
1012500
1012500
1012500
1012300
1012300
1012300
1012200	Song_Number is	990
1011010
1011010
1011010
1011010
1011010
1011010
1011010
1011010
1011010
1011010	Song_Number is	992
1018940
1018540
1018240
1018140
1018040
1017940
1017940
1017840
1017740
1017740	Song_Number is	993
0
0
0
0
0
0
0
0
0
0	Song_Number is	993
0
0
0
0
0
0
0
0
0
0	Song_Number is	999
1022500
1022000
1021900
1021800
1021600
1021600
1021300
1021300
1021100
1021100	Song_Number is	1012
1005280
1005180
1005180
1005180
1005080
1005080
1005080
1005080
1005080
1004980	Song_Number is	1012
1005280
1005180
1005180
1005180
1005080
1005080
1005080
1005080
1005080
1004980	Song_Number is	1020
1022300
1022000
1022000
1021600
1021500
1021400
1021200
1021000
1020900
1020800	Song_Number is	1022
1012000
1012000
1011800
1011600
1011500
1011400
1011400
1011300
1011200
1011200	Song_Number is	1027
1017860
1017560
1017260
1017060
1016960
1016770
1016760
1016670
1016660
1016660	Song_Number is	1035
1012980
1012680
1012680
1012680
1012580
1012580
1012480
1012480
1012380
1012280	Song_Number is	1037
1013300
1013100
1013000
1013000
1012700
1012500
1012500
1012500
1012500
1012500	Song_Number is	1039
1023980
1023880
1023680
1023580
1023480
1023380
1023280
1023180
1023180
1023080	Song_Number is	1040
1030000
1029540
1029500
1029500
1029500
1029400
1029200
1029100
1029100
1028800	Song_Number is	1041
1012140
1012040
1012040
1011940
1011840
1011840
1011840
1011640
1011640
1011640	Song_Number is	1042
1002350
1002350
1002350
1002350
1002350
1002350
1002350
1002350
1002350
1002350	Song_Number is	1043
1014420
1014220
1014220
1014120
1014020
1013920
1013620
1013520
1013420
1013320	Song_Number is	1043
1011400
1011400
1011000
1011000
1010800
1010700
1010700
1010700
1010600
1010600	Song_Number is	1048
1019470
1019070
1018970
1018870
1018870
1018770
1018670
1018670
1018670
1018570	Song_Number is	1049
1021100
1020700
1020600
1020600
1020500
1020500
1020400
1020400
1020400
1020400	Song_Number is	1050
1015300
1014900
1014900
1014800
1014800
1014800
1014700
1014600
1014500
1014500	Song_Number is	1066
1013700
1013600
1013600
1013600
1013600
1013600
1013600
1013600
1013600
1013500	Song_Number is	1067
1008850
1008750
1008750
1008750
1008750
1008750
1008650
1008650
1008650
1008650	Song_Number is	1068
1034980
1034880
1034080
1033580
1033580
1033320
1033280
1033060
1032980
1032880	Song_Number is	1071
1012840
1012340
1012240
1012140
1012140
1012140
1012140
1012040
1012040
1012040	Song_Number is	1072
1033140
1031140
1030540
1030040
1029740
1029630
1029430
1029320
1028840
1028840	Song_Number is	1072
1016900
1016500
1016300
1016200
1016100
1016100
1016000
1016000
1015800
1015740	Song_Number is	1080
1042390
1041800
1040690
1040490
1040490
1040300
1040170
1040100
1040100
1040090	Song_Number is	1081
0
0
0
0
0
0
0
0
0
0	Song_Number is	1085
1002540
1002540
1002540
1002540
1002540
1002540
1002540
1002540
1002540
1002540	Song_Number is	1086
1027870
1027470
1027370
1027270
1027070
1027070
1027070
1026880
1026670
1026670	Song_Number is	1097
0
0
0
0
0
0
0
0
0
0	Song_Number is	1099
1018760
1018660
1018560
1018560
1018560
1018560
1018360
1018260
1018260
1018260	Song_Number is	1100
1007370
1007370
1007370
1007370
1007370
1007370
1007370
1007370
1007370
1007370	Song_Number is	1104
0
0
0
0
0
0
0
0
0
0	Song_Number is	1106
1031030
1030800
1030800
1030500
1030400
1030300
1030300
1030300
1030200
1030100	Song_Number is	1108
0
0
0
0
0
0
0
0
0
0	Song_Number is	1108
0
0
0
0
0
0
0
0
0
0	Song_Number is	1120
1016460
1016360
1016360
1016260
1016160
1016160
1016160
1016080
1016060
1016060	Song_Number is	1121
1013590
1013590
1013490
1013490
1013390
1013390
1013290
1013290
1013290
1013290	Song_Number is	1121
1010930
1010930
1010930
1010930
1010930
1010930
1010930
1010930
1010930
1010930	Song_Number is	1122
1034170
1032920
1032720
1032420
1032420
1032420
1032320
1032270
1032220
1032120	Song_Number is	1129
0
0
0
0
0
0
0
0
0
0	Song_Number is	1129
0
0
0
0
0
0
0
0
0
0	Song_Number is	1133
1011120
1011020
1011020
1011020
1010920
1010920
1010820
1010820
1010820
1010820	Song_Number is	1133
1011120
1011020
1011020
1011020
1010920
1010920
1010820
1010820
1010820
1010820	Song_Number is	1134
1022310
1022010
1021910
1021510
1021310
1021110
1021110
1021110
1021010
1020910	Song_Number is	1144
1015950
1015850
1015850
1015750
1015750
1015750
1015750
1015750
1015750
1015650	Song_Number is	1145
1014120
1014120
1014120
1014020
1014020
1014020
1013920
1013920
1013920
1013920	Song_Number is	1146
1010680
1010680
1010580
1010580
1010580
1010580
1010580
1010580
1010480
1010480	Song_Number is	1147
1035040
1034940
1034640
1034540
1034140
1033640
1033540
1033440
1032840
1032840	Song_Number is	1154
0
0
0
0
0
0
0
0
0
0	Song_Number is	1158
1014800
1014300
1014200
1014200
1014200
1014200
1014100
1014100
1014000
1013900	Song_Number is	1168
1010910
1010810
1010710
1010610
1010510
1010510
1010510
1010510
1010510
1010510	Song_Number is	1171
1024700
1023600
1023500
1023200
1023100
1022900
1022800
1022700
1022600
1022500	Song_Number is	1172
1015850
1015850
1015750
1015550
1015550
1015550
1015350
1015350
1015250
1015150	Song_Number is	1173
1016790
1016390
1016190
1016190
1016090
1016090
1016090
1015990
1015990
1015990	Song_Number is	1185
1041170
1038170
1038070
1037970
1037770
1037670
1037370
1037170
1037070
1036970	Song_Number is	1196
0
0
0
0
0
0
0
0
0
0	Song_Number is	1197
0
0
0
0
0
0
0
0
0
0	Song_Number is	1201
0
0
0
0
0
0
0
0
0
0	Song_Number is	1214
1013000
1013000
1013000
1012700
1012700
1012700
1012700
1012600
1012600
1012600	Song_Number is	1215
1013920
1013720
1013720
1013420
1013220
1013220
1013220
1013120
1013020
1013020	Song_Number is	1216
1021200
1020400
1020300
1020300
1019900
1019900
1019700
1019700
1019500
1019300	Song_Number is	1216
1026320
1026100
1025700
1025420
1025300
1025200
1025100
1024720
1024720
1024700	Song_Number is	1220
1021720
1021420
1021220
1020880
1020720
1020720
1020620
1020420
1020220
1020120	Song_Number is	1221
1016580
1015780
1015780
1015780
1015680
1015580
1015480
1015280
1015280
1015280	Song_Number is	1223
1012730
1012630
1012530
1012530
1012430
1012430
1012330
1012330
1012330
1012330	Song_Number is	1227
0
0
0
0
0
0
0
0
0
0	Song_Number is	1227
0
0
0
0
0
0
0
0
0
0	Song_Number is	1229
1007760
1007760
1007760
1007760
1007760
1007760
1007760
1007760
1007760
1007760	Song_Number is	1236
1008900
1008800
1008700
1008700
1008500
1008400
1008400
1008400
1008300
1008300